	10000	5000	3000	2000	1500	1000	750	500	400	300	200	100	50	10
1	1	1.00266	1.00724	1.04	1.06625	1.1	1.16	1.21	1.23	1.23	1.14	0.83	0.4262	0.01492
2	1	1.00192	1.00606	1.03	1.04942	1.08	1.1	1.1	1.09	1.06	0.966	0.742	0.47484	0.11497
3	1	1.00118	1.00488	1.02	1.03259	1.06	1.04	0.989	0.948	0.887	0.795	0.651	0.52427	0.27483
4	1	1.00044	1.0037	1.01	1.01576	1.01	0.979	0.919	0.883	0.839	0.782	0.706	0.64424	0.571
5	1	0.99969	1.00251	1	0.99893	0.977	0.945	0.898	0.872	0.842	0.807	0.737	0.63727	0.41968
6	1	0.99895	1.00133	1	0.99131	0.96	0.934	0.899	0.881	0.858	0.824	0.667	0.48162	0.16325
7	1	0.99821	1.00015	1.00019	0.98702	0.955	0.934	0.905	0.889	0.862	0.782	0.576	0.37164	0.09932
8	1	0.99875	0.99819	0.9895	0.97648	0.955	0.937	0.907	0.881	0.823	0.707	0.491	0.31098	0.08392
9	1	0.99952	0.99306	0.97841	0.96659	0.956	0.936	0.887	0.838	0.757	0.629	0.419	0.26112	0.07487
10	1	0.99938	0.99066	0.97887	0.97189	0.953	0.924	0.841	0.777	0.687	0.557	0.361	0.22607	0.06601
11	1	0.99913	0.99792	0.99408	0.98011	0.937	0.888	0.784	0.719	0.633	0.516	0.357	0.24448	0.12271
12	1	0.99902	0.99867	0.98936	0.96936	0.912	0.849	0.741	0.68	0.604	0.506	0.378	0.2902	0.18377
13	1	0.99892	0.99566	0.98019	0.95107	0.881	0.813	0.71	0.656	0.589	0.509	0.404	0.33016	0.23261
14	1	0.99874	0.99402	0.96853	0.93113	0.852	0.786	0.692	0.644	0.587	0.52	0.428	0.3595	0.2548
15	1	0.99853	0.99222	0.95984	0.91456	0.829	0.766	0.682	0.641	0.592	0.534	0.433	0.34637	0.19298
16	1	0.9978	0.98959	0.9538	0.90415	0.811	0.752	0.679	0.643	0.601	0.548	0.418	0.30135	0.11017
17	1	0.99709	0.98735	0.94857	0.89579	0.798	0.745	0.68	0.648	0.61	0.552	0.394	0.25656	0.07052
18	1	0.99834	0.98555	0.93989	0.88276	0.789	0.742	0.683	0.655	0.617	0.538	0.367	0.2234	0.05459
19	1	0.99731	0.97704	0.92163	0.86484	0.781	0.738	0.684	0.656	0.611	0.519	0.355	0.21838	0.05754
20	1	0.99434	0.97051	0.91104	0.85313	0.775	0.736	0.685	0.656	0.599	0.505	0.357	0.22173	0.06417
21	1	0.99455	0.96724	0.90612	0.84872	0.774	0.738	0.687	0.649	0.585	0.487	0.345	0.2116	0.06053
22	1	0.99356	0.95723	0.89408	0.8426	0.774	0.739	0.682	0.635	0.566	0.468	0.33	0.20609	0.06523
23	1	0.99575	0.9593	0.90165	0.84764	0.774	0.739	0.67	0.617	0.545	0.448	0.315	0.19487	0.0604
24	1	0.99408	0.95957	0.90067	0.85165	0.776	0.738	0.653	0.595	0.52	0.421	0.285	0.1743	0.05425
25	1	0.99359	0.96288	0.90265	0.8561	0.773	0.729	0.634	0.576	0.503	0.41	0.285	0.17999	0.06413
26	1	0.99343	0.95685	0.90322	0.85432	0.769	0.716	0.614	0.555	0.483	0.392	0.271	0.17525	0.06579
27	1	0.9935	0.96228	0.90727	0.85275	0.762	0.698	0.592	0.534	0.463	0.375	0.257	0.17026	0.06705
28	1	0.99336	0.96155	0.90378	0.84509	0.75	0.68	0.571	0.514	0.444	0.358	0.245	0.16233	0.06411
29	1	0.99226	0.95914	0.89755	0.83504	0.735	0.66	0.548	0.49	0.418	0.332	0.219	0.14441	0.05513
30	1	0.99232	0.95629	0.88965	0.82085	0.717	0.64	0.53	0.475	0.407	0.327	0.222	0.15178	0.06636
31	1	0.9924	0.95316	0.88294	0.80677	0.699	0.622	0.515	0.464	0.4	0.326	0.229	0.16287	0.07943
32	1	0.99124	0.94287	0.86477	0.78995	0.682	0.606	0.505	0.456	0.398	0.329	0.237	0.17339	0.08774
33	1	0.99071	0.94124	0.85682	0.77805	0.667	0.593	0.498	0.452	0.398	0.334	0.243	0.17713	0.08601
34	1	0.98888	0.93977	0.85171	0.77054	0.654	0.583	0.493	0.45	0.4	0.34	0.245	0.17296	0.07249
35	1	0.98929	0.93819	0.84509	0.761	0.642	0.575	0.491	0.45	0.404	0.345	0.242	0.16389	0.05785
36	1	0.98883	0.93361	0.83715	0.75118	0.633	0.57	0.49	0.452	0.408	0.348	0.237	0.15368	0.04664
37	1	0.98621	0.92679	0.82621	0.73999	0.625	0.564	0.489	0.453	0.41	0.347	0.235	0.15088	0.0448
38	1	0.98313	0.91616	0.81254	0.72764	0.618	0.559	0.488	0.454	0.411	0.346	0.239	0.15443	0.04757
39	1	0.97932	0.90524	0.79817	0.71503	0.613	0.558	0.491	0.458	0.414	0.346	0.24	0.15564	0.04977
40	1	0.97494	0.89492	0.78458	0.7032	0.61	0.557	0.493	0.461	0.415	0.344	0.239	0.15262	0.04786
41	1	0.97041	0.88436	0.77176	0.6932	0.608	0.558	0.497	0.464	0.414	0.339	0.229	0.14329	0.04076
42	1	0.96654	0.87381	0.76256	0.68582	0.607	0.559	0.5	0.464	0.41	0.334	0.223	0.1373	0.03925
43	1	0.96732	0.87254	0.7619	0.6873	0.605	0.56	0.5	0.461	0.406	0.331	0.224	0.13513	0.03678
44	1	0.968	0.86857	0.76027	0.6867	0.606	0.563	0.5	0.457	0.399	0.32	0.209	0.12297	0.03022
45	1	0.968	0.86973	0.76092	0.68814	0.606	0.564	0.497	0.451	0.391	0.312	0.202	0.11522	0.02678
46	1	0.96559	0.87134	0.76102	0.69018	0.608	0.566	0.493	0.444	0.382	0.3	0.189	0.10607	0.02354
47	1	0.96006	0.86393	0.75853	0.69002	0.608	0.565	0.486	0.436	0.374	0.294	0.188	0.10655	0.02618
48	1	0.96505	0.87115	0.768	0.69754	0.608	0.563	0.478	0.429	0.367	0.291	0.19	0.11145	0.0299
49	1	0.97142	0.88222	0.77939	0.70577	0.607	0.559	0.47	0.422	0.362	0.289	0.193	0.1178	0.03636
50	1	0.97169	0.88535	0.78195	0.7078	0.606	0.554	0.464	0.416	0.359	0.29	0.199	0.12662	0.04455
51	1	0.97329	0.889	0.78808	0.70934	0.604	0.548	0.458	0.412	0.357	0.292	0.204	0.13509	0.05294
52	1	0.97574	0.89806	0.79273	0.70917	0.602	0.542	0.454	0.41	0.357	0.295	0.207	0.1401	0.05652
53	1	0.97709	0.89739	0.78912	0.70521	0.598	0.537	0.451	0.408	0.358	0.298	0.208	0.14219	0.05748
54	1	0.97752	0.89804	0.789	0.7028	0.593	0.532	0.449	0.408	0.36	0.301	0.207	0.13968	0.05199
55	1	0.97727	0.89626	0.78242	0.69643	0.588	0.527	0.446	0.406	0.36	0.302	0.207	0.14065	0.05121
56	1	0.97571	0.8927	0.7776	0.69108	0.583	0.523	0.445	0.406	0.362	0.304	0.21	0.1424	0.0514
57	1	0.97358	0.89088	0.77612	0.68795	0.579	0.52	0.444	0.407	0.364	0.306	0.211	0.13997	0.04894
58	1	0.97099	0.88477	0.76756	0.67924	0.571	0.511	0.434	0.396	0.352	0.292	0.199	0.13185	0.04492
59	1	0.96919	0.87899	0.76175	0.67191	0.564	0.504	0.428	0.391	0.346	0.286	0.193	0.12593	0.04172
60	1	0.96732	0.87449	0.75383	0.66517	0.558	0.498	0.422	0.385	0.34	0.28	0.188	0.12114	0.03897
61	1	0.96499	0.86941	0.7469	0.65762	0.551	0.491	0.416	0.379	0.334	0.274	0.183	0.11783	0.03711
62	1	0.96208	0.86265	0.74027	0.65011	0.544	0.484	0.409	0.373	0.328	0.267	0.178	0.11397	0.03597
63	1	0.95874	0.85551	0.73221	0.64274	0.537	0.477	0.403	0.366	0.321	0.261	0.173	0.10941	0.03503
64	1	0.95487	0.84788	0.72321	0.63448	0.532	0.473	0.401	0.365	0.321	0.261	0.175	0.11088	0.03533
65	1	0.9508	0.83993	0.71231	0.62435	0.523	0.464	0.39	0.353	0.309	0.249	0.165	0.1067	0.03246
66	1	0.94598	0.83001	0.70207	0.61577	0.515	0.457	0.384	0.347	0.302	0.244	0.16	0.10184	0.03089
67	1	0.94048	0.82181	0.69457	0.60723	0.508	0.45	0.377	0.341	0.296	0.238	0.156	0.09785	0.02948
68	1	0.93691	0.81399	0.68463	0.59875	0.501	0.443	0.371	0.334	0.29	0.232	0.152	0.09514	0.02879
69	1	0.93412	0.80895	0.67829	0.5921	0.494	0.435	0.364	0.328	0.284	0.227	0.149	0.09283	0.02842
70	1	0.93323	0.80466	0.67292	0.58557	0.487	0.429	0.358	0.322	0.278	0.222	0.145	0.0911	0.02754
71	1	0.92726	0.79882	0.66667	0.57913	0.482	0.425	0.356	0.321	0.278	0.222	0.147	0.09155	0.0279
72	1	0.92536	0.79426	0.66046	0.57338	0.478	0.423	0.355	0.32	0.278	0.223	0.149	0.09328	0.02968
73	1	0.92179	0.78584	0.65457	0.56831	0.474	0.421	0.354	0.32	0.278	0.223	0.149	0.09352	0.0282
74	1	0.91752	0.78119	0.64821	0.56333	0.472	0.42	0.354	0.32	0.278	0.222	0.148	0.0915	0.02729
75	1	0.91173	0.77348	0.64033	0.55854	0.469	0.419	0.355	0.32	0.277	0.222	0.147	0.09042	0.02619
76	1	0.90835	0.76631	0.63509	0.55465	0.468	0.418	0.355	0.32	0.276	0.22	0.145	0.08825	0.02539
77	1	0.90278	0.76067	0.63123	0.55114	0.466	0.418	0.354	0.319	0.275	0.218	0.143	0.08512	0.02355
78	1	0.89947	0.75552	0.62452	0.5489	0.466	0.419	0.354	0.318	0.272	0.213	0.136	0.07986	0.01979
79	1	0.89752	0.75179	0.62297	0.54871	0.465	0.419	0.353	0.316	0.269	0.21	0.133	0.07681	0.01855
80	1	0.89714	0.7513	0.62324	0.54914	0.465	0.419	0.352	0.314	0.268	0.21	0.134	0.07753	0.01928
81	1	0.896	0.75114	0.625	0.54933	0.464	0.418	0.35	0.312	0.266	0.21	0.138	0.08149	0.02316
82	1	0.89356	0.751	0.62626	0.55013	0.464	0.418	0.348	0.311	0.266	0.212	0.141	0.08581	0.02528
83	1	0.89315	0.75205	0.62744	0.5511	0.463	0.416	0.347	0.31	0.266	0.214	0.145	0.09037	0.02911
84	1	0.89293	0.75296	0.62827	0.55179	0.463	0.415	0.346	0.31	0.267	0.216	0.148	0.09552	0.03322
85	1	0.89391	0.75376	0.62896	0.55196	0.462	0.414	0.345	0.31	0.269	0.219	0.151	0.10021	0.03682
86	1	0.8945	0.7538	0.62856	0.55073	0.462	0.413	0.345	0.31	0.27	0.222	0.152	0.10067	0.03799
87	1	0.89461	0.75376	0.62808	0.5487	0.46	0.411	0.344	0.31	0.271	0.224	0.152	0.10239	0.03911
88	1	0.89505	0.75365	0.62664	0.54725	0.46	0.41	0.344	0.311	0.273	0.226	0.155	0.10521	0.04068
89	1	0.89573	0.75414	0.62564	0.54621	0.459	0.41	0.345	0.313	0.276	0.229	0.157	0.10752	0.04103
90	1	0.89663	0.75514	0.6251	0.54554	0.458	0.409	0.345	0.314	0.278	0.232	0.159	0.10957	0.04147
91	1	0.8969	0.75476	0.62447	0.54498	0.458	0.408	0.343	0.311	0.274	0.226	0.152	0.10558	0.03712
92	1	0.89681	0.7536	0.62372	0.54452	0.457	0.407	0.342	0.31	0.272	0.223	0.149	0.09939	0.03475
93	1	0.89664	0.75372	0.62348	0.54408	0.456	0.405	0.34	0.308	0.27	0.22	0.146	0.09667	0.03347
94	1	0.89676	0.7541	0.62389	0.54369	0.455	0.403	0.336	0.303	0.264	0.212	0.139	0.09136	0.02819
95	1	0.89745	0.75453	0.62402	0.54272	0.453	0.401	0.334	0.301	0.261	0.209	0.136	0.08797	0.02642
96	1	0.89772	0.75508	0.62323	0.54154	0.451	0.399	0.333	0.3	0.261	0.21	0.138	0.08908	0.02666
97	1	0.8964	0.7561	0.6229	0.54025	0.449	0.396	0.33	0.297	0.258	0.206	0.136	0.08924	0.02689
98	1	0.8964	0.7561	0.6229	0.54025	0.449	0.396	0.33	0.297	0.258	0.206	0.136	0.08924	0.02689
99	1	0.8964	0.7561	0.6229	0.54025	0.449	0.396	0.33	0.297	0.258	0.206	0.136	0.08924	0.02689